122 1703 1748 Keelung 45
134 1946 2031 Keelung 45
115 0900 0929 Taoyuan 29
117 1000 1029 Taoyuan 29
121 1100 1129 Taoyuan 29
123 1158 1227 Taoyuan 29
129 1400 1429 Taoyuan 29
135 1500 1529 Taoyuan 29
175 1600 1629 Taoyuan 29
139 1700 1729 Taoyuan 29
185 1810 1839 Taoyuan 29
181 1930 1959 Taoyuan 29
113 0828 0936 Hsinchu 68
115 0900 1011 Hsinchu 71
117 1000 1108 Hsinchu 68
121 1100 1208 Hsinchu 68
123 1158 1306 Hsinchu 68
129 1400 1508 Hsinchu 68
135 1500 1608 Hsinchu 68
175 1600 1708 Hsinchu 68
139 1700 1808 Hsinchu 68
185 1810 1918 Hsinchu 68
181 1930 2038 Hsinchu 68
113 0828 1002 Miaoli 94
115 0900 1040 Miaoli 100
117 1000 1137 Miaoli 97
121 1100 1237 Miaoli 97
123 1158 1335 Miaoli 97
129 1400 1534 Miaoli 94
135 1500 1637 Miaoli 97
175 1600 1737 Miaoli 97
139 1700 1837 Miaoli 97
181 1930 2104 Miaoli 94
113 0828 1040 Taichung 132
115 0900 1118 Taichung 138
117 1000 1215 Taichung 135
121 1100 1315 Taichung 135
123 1158 1413 Taichung 135
129 1400 1611 Taichung 131
135 1500 1714 Taichung 134
175 1600 1815 Taichung 135
139 1700 1915 Taichung 135
181 1930 2142 Taichung 132
113 0828 1056 Changhua 148
115 0900 1134 Changhua 154
117 1000 1231 Changhua 151
121 1100 1331 Changhua 151
123 1158 1429 Changhua 151
129 1400 1627 Changhua 127
135 1500 1730 Changhua 150
175 1600 1831 Changhua 151
139 1700 1931 Changhua 151
185 1810 2103 Changhua 173
181 1930 2159 Changhua 149
113 0828 1134 Douliou 186
115 0900 1209 Douliou 189
117 1000 1306 Douliou 186
121 1100 1409 Douliou 189
123 1158 1507 Douliou 189
129 1400 1703 Douliou 183
135 1500 1811 Douliou 191
175 1600 1908 Douliou 188
139 1700 2006 Douliou 186
185 1810 2138 Douliou 208
181 1930 2238 Douliou 188
113 0828 1155 Chiayi 207
115 0900 1233 Chiayi 213
117 1000 1330 Chiayi 210
121 1100 1433 Chiayi 213
123 1158 1528 Chiayi 210
129 1400 1724 Chiayi 204
135 1500 1832 Chiayi 212
175 1600 1932 Chiayi 212
139 1700 2027 Chiayi 207
185 1810 2159 Chiayi 229
181 1930 2258 Chiayi 208